99.3592 133.966 0
137.581 44.7019 0
110.004 19.4231 0
119.806 98.1023 0
59.1606 128.679 0
92.5738 80.9806 0
77.1987 109.478 0
75.1418 156.424 0
36.2264 99.7129 0
96.3749 84.0967 0
28.7571 85.9187 0
160.736 107.909 0
55.4283 176.025 0
105.234 77.4049 0
149.907 33.5325 0
104.96 100.231 0
145.598 62.2399 0
107.313 82.4198 0
104.913 94.1662 0
172.072 76.6557 0
127.174 158.625 0
67.2277 96.169 0
78.5888 106.291 0
96.0734 100.695 0
84.2108 82.4345 0
64.6675 48.4479 0
86.8888 107.265 0
118.016 173.839 0
96.6909 120.929 0
113.618 46.0239 0
